-0.3183947522664766 -0.5031109192759107 9.0 
1.8757375887485659 0.6410564045624475 5.0 
0.3342492594160282 0.4510509663758443 4.0 
0.5945105658644204 1.8274053492213351 1.0 
-0.2631279271791238 -2.3819978862107547 2.0 
2.63279543840304 1.0999132197162569 9.0 
1.544589875981584 3.120725136892677 5.0 
-0.9998723759776128 -1.237712561594834 8.0 
0.4983831187365484 -0.08202023980205467 8.0 
-0.15001622801760292 -0.5274793626327117 7.0 
-0.027517921156644642 -1.2253388863699626 0.0 
-1.5414141089641782 -2.205966213810206 3.0 
2.2590541796229213 0.7124790023147248 2.0 
-0.42285016608248904 -2.7268023680516382 4.0 
1.3285008284108772 0.7673227435147425 6.0 
2.0636201619110657 1.1675069423940694 7.0 
-2.1585537745902577 -0.5390812377606313 4.0 
2.8621568359395058 -1.053709197697465 8.0 
-0.9957227384607394 -1.150903388056765 5.0 
-1.2813198988208394 -2.0106726278052602 1.0 
2.0065569328698247 2.084818917474269 8.0 
2.3271298697501606 0.02731445156642276 9.0 
-0.43713991080017156 -0.5987696373506013 0.0 
-0.31330647430326386 0.011786858582419873 1.0 
-1.4728575459732565 -2.1284125450405305 6.0 
-1.0703908440146301 -0.3415443780759646 7.0 
-1.4950647211213424 -0.6944358303221496 5.0 
-1.817738001715466 -0.3789338488083077 9.0 
2.9230515619077857 2.523122810893925 5.0 
-0.09994793079555997 -1.8425157140485233 0.0 
-0.28403207810912373 0.3101875726353025 7.0 
1.267508561478679 1.4189125448546867 2.0 
0.8253803154915667 0.5380565788572004 8.0 
0.5113817625911811 0.30828824061457316 0.0 
2.665131690765219 0.6259742917542868 2.0 
0.1299563616102807 0.4597283434019931 1.0 
0.22501663904580882 2.256120460671751 2.0 
-0.13685295222672839 -0.8862980968515182 2.0 
2.2344359119204436 2.8240493892373033 4.0 
1.1089713495064886 -2.3451288930710614 6.0 
0.7961711648409509 0.8522666154804597 5.0 
1.89745994033069 4.422090937169928 1.0 
-0.09060188096254973 1.1416823162225118 7.0 
-0.7813701399904054 -0.7031986453291327 7.0 
2.1184077830662744 1.3529288773981902 8.0 
-2.549502613048326 -1.8215035606261911 0.0 
-2.5029752932738933 -0.19315016596332568 5.0 
-0.15119643586548073 0.344583200661833 8.0 
1.4093451185725154 3.117120484021658 8.0 
-1.3902486549305146 -2.1987546235862787 2.0 
0.48864151130352484 -1.0742173547377734 8.0 
-0.7205199213692794 1.4154012231574722 5.0 
-2.067008702843408 -2.1779221937790676 9.0 
1.3657743908012963 1.447919977357772 6.0 
3.487474196786343 2.7140302331849435 7.0 
-1.1033472855714794 -3.1885020055315034 3.0 
-1.2516021819690957 -0.490307980119979 4.0 
-0.383006841310082 0.0468838217431847 9.0 
-0.23330200705708437 -2.487598525289313 9.0 
-0.2783326181747996 1.3954526212909961 5.0 
0.4742249634901401 1.1377809617625625 0.0 
0.054167656561674105 1.224553118677174 6.0 
0.29996960671333717 -2.055633844425811 5.0 
3.8829103992511227 3.3648454689000804 8.0 
1.1343264200630623 2.8105751942178716 5.0 
-3.295080306928962 -3.9532872135151274 3.0 
0.5966826422270345 1.0467531467247162 9.0 
-1.3267074980353606 -1.094161557928722 8.0 
1.904039612724219 3.9679685515336605 0.0 
0.6576459538924243 0.9292617331474449 5.0 
1.0798412624710105 -0.9438691755922696 3.0 
0.0822019762824582 -0.13324818241578223 4.0 
0.03156312611521517 1.0922276534923265 4.0 
-2.631243830102374 -1.0037297904921 0.0 
-0.17726506178437562 -1.2597485697143969 8.0 
-1.1504390128704398 -2.347218500201964 6.0 
-3.0634525620335347 -1.8677041653207969 9.0 
0.10017773872721025 1.1145521500799143 8.0 
-1.5122183911443385 -0.8834859843992477 6.0 
2.7005127445107506 1.0961953085359317 1.0 
1.4205140797509288 3.059232740766284 2.0 
-0.4259274722216051 -0.3284431445085944 6.0 
0.35537962318071314 -0.8140305965898555 2.0 
1.4561802512874142 0.3701774960407088 6.0 
-0.24121973591442675 0.23264639186662037 8.0 
-0.486516410559508 0.5278477041905185 3.0 
1.1929173020411907 -1.6333267702836813 8.0 
0.966292588554812 -0.46694717059391183 6.0 
-1.718834662467809 -1.6587908752954679 3.0 
-1.4388908995719516 -2.7026399764128928 4.0 
0.585454372831643 1.3122441686194115 7.0 
3.5245056343095587 3.0752911191082335 6.0 
-0.9290623247864409 -1.1166431389396123 1.0 
0.840421240818832 2.4878390724496375 2.0 
2.3764175502358533 3.323418830871391 5.0 
-1.0035153275909627 -1.4618657803997217 8.0 
-2.865122013151848 -2.708798047540434 4.0 
0.7218826295893543 -0.8648766322117837 8.0 
2.0144144725930353 3.6826261848846613 9.0 
-1.5513595189293978 -1.3898527106535303 6.0 
0.5742777779464517 0.7866528967861763 9.0 
1.5261948475202358 -0.15993773554224633 4.0 
1.5203363412340363 1.9753266539770844 1.0 
0.7154373524347108 -0.17862968356809977 6.0 
-1.8333525241927369 -0.059418548440365204 3.0 
2.5197954730923735 1.9455282988272953 0.0 
-3.5294457838070614 -1.784750859140866 2.0 
-1.127497605623859 -1.1774287564748718 2.0 
0.38090705559276344 0.49524392804456807 8.0 
1.3612638816578662 -0.5748866035379194 4.0 
-3.0382813575910825 -0.8959620790606664 0.0 
0.3892157740615253 1.4692793188661883 1.0 
1.168159134201296 2.2005747895419603 3.0 
-0.43323814678476813 -1.7073159352032312 3.0 
-0.8618805722257121 -1.0085766815456612 4.0 
-1.6253406490578683 -1.44437671318071 3.0 
0.0851247261306558 -1.888254207558085 7.0 
-0.7571898651894702 -1.1228368170914769 8.0 
1.5175229547362652 2.917773609741399 2.0 
-0.04855529150796145 -0.6901844657582452 1.0 
0.122357794591347 0.34317156160791124 3.0 
-0.42393802821075827 1.0385931375833934 3.0 
-0.6669210422146841 -1.1781865527271864 7.0 
-2.797492541602298 -0.4831743842095717 7.0 
-0.6942439206358462 -2.71836005247497 2.0 
0.6032997937282079 -2.982400774734402 8.0 
3.715634994215236 4.313957093442183 6.0 
0.9472628856023981 -0.7356488139071148 0.0 
-3.952598941012572 -1.0194827031400568 9.0 
-1.8669146570230544 -2.827585509251482 1.0 
0.698344313360299 0.960529994608353 7.0 
2.3021624677834422 0.9883206780273129 6.0 
-0.14001400893814933 0.44771636903496137 1.0 
0.8932748525685021 0.19491367406284577 7.0 
-1.5701355725305728 -1.8576287384547348 5.0 
-1.7482703954227496 -2.225850841820057 6.0 
-2.5372517400708983 -0.3760900061860699 9.0 
1.2690753411140436 2.1425908449398436 1.0 
1.3947671198060407 -0.043380218236585 7.0 
-0.7458814889496684 -0.21463226455844764 9.0 
-0.6007364144668669 -1.3458991429225298 8.0 
2.4594253451325465 1.3594859687025491 1.0 
-0.9054804589472196 1.076307948799309 9.0 
-0.7296210060987013 2.0308050564456104 6.0 
0.026062003626763808 -2.272971087390502 2.0 
-2.4126411397202236 -2.0992094307879348 7.0 
-0.7681224027032865 0.08517330415901947 4.0 
-3.032014358692827 -0.5636393676369684 2.0 
-2.1660901633113334 -0.1803770977839897 0.0 
1.1455219399894725 1.2181853246342078 3.0 
-0.8234394594427572 -0.27839590392101565 2.0 
-0.4629801748157839 1.729942214132152 3.0 
-1.1987742133927504 1.4922102778305655 5.0 
-1.434463346281302 0.20220198123834776 1.0 
-3.6304799088055746 -1.9345475637062803 8.0 
-1.7056596971734448 -1.0288154012330293 2.0 
-1.8055156297200343 -1.6025114831643192 7.0 
0.6887656221752833 -0.1354602664273149 3.0 
1.823844144317344 2.062139838884862 3.0 
0.3598016468908722 -0.4115116360811276 4.0 
0.16097463960569325 -1.8382055667232726 6.0 
4.959963562225928 4.289315020487072 6.0 
0.17074043606708011 4.673632001524208 7.0 
3.6509346807473975 2.3207940617325398 6.0 
1.9173717122723193 3.4202304696016887 0.0 
0.880723512711967 1.7592445234664922 8.0 
-1.3762025558516284 -2.3569474646431097 1.0 
0.8646237565105357 1.005499071034238 5.0 
3.218032361251396 3.3285520157464465 9.0 
-0.4225698530279314 -1.9301826493744736 1.0 
1.2574153745467265 0.6569109659373977 1.0 
-2.3877695891355986 -1.379141149533483 6.0 
0.5831006906474214 0.9946422490321173 7.0 
-3.287758655875397 -2.325440402793097 5.0 
0.4343584255002825 2.0516363180524078 9.0 
-1.3141838797776948 -1.0811198579236274 7.0 
-0.6683323898338251 -1.0596940513028494 4.0 
1.4700127344494087 -1.4177381340811595 3.0 
-0.519458666984975 -3.1830483756670462 1.0 
-0.827169434472362 0.46925092186747897 0.0 
-2.947832303989492 -2.4267107334410714 1.0 
0.059994269445913795 0.9176793182522516 5.0 
1.1452885444467422 0.31035857891473356 0.0 
2.818201492844168 1.0970026105775954 2.0 
-0.1884355089560672 0.9449093924673513 5.0 
1.6185119587948806 1.4187272916983364 9.0 
-0.3974673012906511 -0.17528284099794617 3.0 
-2.99010172351467 -3.2275562998069014 5.0 
1.6309115069077065 1.4517013300731758 6.0 
1.0386138743408337 0.2773720360787049 5.0 
1.246909516299184 0.35237939086084896 9.0 
-0.34777445869946255 -0.09434644447816182 2.0 
2.3558943319237233 1.910816158939067 5.0 
-0.6139814975568355 -2.6017005474665327 9.0 
0.36882391841204576 1.3757073384130054 9.0 
-0.2771343944342008 -0.19635663860099042 7.0 
3.43172393773472 1.0667414927633116 8.0 
-1.6987514553265983 -0.3037388562962381 0.0 
2.5153192192764 3.3989349704488143 5.0 
0.8565710746154036 1.430061203064119 8.0 
