1.145214109415345 0.35695484779317027 1.361147271679641 1.361147271679641 2.3555823344689357 
1.3525259717110454 0.1051091775487956 2.0802859630918653 2.0802859630918653 4.225470999823645 
1.1923959733771037 -0.025981746781029522 -2.1919807708046393 -1.1172707966571689 -3.4342003231006335 
-0.20553817529537938 1.3425592333075544 -0.2171742787764681 -1.2429216932949119 -1.4126968691838655 
-0.6785123608506927 -0.6979169357150309 1.0183866922358356 1.0183866922358356 2.0090763810111563 
-0.5156010437046644 1.3771675916383699 0.7292804193059352 1.2020734175857521 1.8159543011186081 
-0.4061980292521715 -0.10443492365681324 -2.9197223597958533 -1.9358493854944707 -5.008022326018372 
0.04304611958425414 0.19058971281685044 -1.7507838005450496 -2.5123849743595827 -4.505273981082863 
0.8429396298559311 0.46951787005052786 -1.7212659310348006 -2.0596268941645715 -3.656264810046671 
-0.016654146562052007 -1.2160815749037508 1.8301493174772836 1.8301493174772836 3.5770324549152734 
1.046887773671937 -0.007338391844997825 -2.9041814043795497 -2.9041814043795497 -6.0161278707765895 
-1.3325172060516897 0.581184365150411 -1.3571659386857446 -1.3571659386857446 -2.86009854223375 
0.8463324841006462 1.5341380998230172 -2.744245536289546 -2.744245536289546 -5.311204518793628 
-1.3985188815015412 0.3932246648007355 -3.2243305628071974 -3.2243305628071974 -6.719142889723004 
0.7120978949023872 -0.80259007782409 1.3934158253357358 2.59029452283489 3.888115819914606 
2.5646940789497368 -2.035546618171396 -1.7241800720248706 -1.7241800720248706 -3.1859040790368676 
-0.05135346177003822 -0.8976382964369772 -1.897414327443464 -1.897414327443464 -4.074386712628063 
1.5735870087557962 0.32263098876339663 2.7955144898643605 1.5033969309465098 3.9805137872019594 
2.1954146922240176 -0.4064870060978428 1.5984667033054458 1.5984667033054458 3.3970860078131793 
-1.0967606332207225 0.1316474834373576 2.3783666553373854 2.3783666553373854 4.815169651047096 
1.2120049874025027 -0.6538000480163706 -1.7727988936485224 -1.7727988936485224 -3.633592959070057 
1.4260140634456848 1.2231491539986343 2.6732970669788694 2.6732970669788694 4.967246719832351 
1.7854722814719588 0.7086387380223005 -1.9363034400752404 -1.9363034400752404 -3.8345698258458984 
0.3052305136212923 1.1062273179949036 -2.697265269173833 -2.697265269173833 -5.319417541308007 
2.9372461619801413 0.8986922510130236 -2.918746129459251 -1.6658994278577264 -4.121861079830602 
0.14315151565281956 0.5703455046751464 -2.478245661675067 -1.757361387771529 -4.29003023681751 
0.6789570516120332 -1.3312259762348069 -2.137597940820153 -2.137597940820153 -4.575066741099426 
0.44764445113200085 -0.09394479603528585 -2.5840284616235807 -2.5840284616235807 -5.313373364694352 
-1.7959331912824172 -0.34720614298078073 1.8982016428525594 2.084059096913834 3.7509692089982214 
-0.5411549264044883 0.30912826044070885 -0.761940116681646 -0.919289203776408 -1.7349017158306868 
-1.167555861530044 1.5757329505869773 1.623072804375715 1.623072804375715 3.306057483409984 
-0.7164980766202375 1.3045422135800784 0.9931520057334298 1.9015790669667656 2.789549665794004 
-0.595495256904001 -0.8425012758984295 0.8281762253939813 1.8935710493479911 2.670425452140038 
-0.00123470057757188 1.6091380462441376 1.3351726294500823 1.3351726294500823 2.8614231390250437 
-0.6338206831856733 -0.0188394240409717 -1.7162687492238533 -1.2877242604161456 -2.829596798882069 
0.5004729744316541 0.6022222339694588 -2.75838648643151 -2.75838648643151 -5.71996506434945 
-0.5404706183327032 -2.468729025866993 -2.7487153988979234 -2.7487153988979234 -5.032585174196489 
1.3604497692326216 0.6717197508766707 -1.7327881178282214 -4.063548541433991 -5.652125243671838 
-0.155497326932207 0.561392419682742 2.0670067187772143 3.143340276782423 5.162370366923018 
2.368173876201459 1.4819709814544557 1.4588253380373768 1.4588253380373768 2.8744437942459666 
-0.1473813078364335 -0.7692784403704853 -2.4708227583809563 -2.241986280923555 -4.508960270159604 
-0.5043609714393843 0.8993146608984465 -0.935540122185416 -2.277038972627972 -3.480182704840757 
0.10502513926630293 -0.39655725837851097 2.614032868797204 3.7096221850062125 6.267851743016117 
-0.4806314052095203 1.6232966430301785 2.8851686711422126 2.278312739334229 5.33170448763114 
-0.20328681065510995 1.2993982554839247 2.9795561103846775 0.6644903779203235 3.6251093495939375 
-1.8522141415014137 0.842467008382632 -2.0491883964292588 -2.0491883964292588 -3.944894709682587 
-1.3268063435104724 0.3458364244162088 2.893264041791758 2.893264041791758 5.4657956346035785 
1.267737341379097 -0.5774240741502493 2.944422077118322 2.19861554039341 4.814862024791848 
0.3760515353373683 -1.4305710531189404 0.803561720213898 2.012302579339439 2.393113504122872 
-1.283867685297745 1.1130026079281787 2.841607433522017 1.6019095601634759 4.73805162665691 
-0.003117265735485115 -0.3599759306795786 2.678383888483887 2.028206612947199 4.721272763463361 
-0.8888989955438524 -0.38656329452995064 2.468584748800237 2.468584748800237 4.812153870278214 
0.09882185868353562 -0.3340781611356115 -3.0454346821319005 -3.0454346821319005 -6.39687585265963 
-0.10380997294962381 -0.3650380435015023 3.2609641862150456 2.392741495511494 5.683283899797747 
-0.7399186932946493 0.40687135818093384 -1.633895632160843 -1.633895632160843 -3.4429794916641643 
0.8372977233446333 0.18877725962132716 -1.9998590626608617 -1.9998590626608617 -3.8699148068689597 
0.4578812379359577 0.15632342891046186 1.4210296198633081 1.1787693931544756 2.4571191804952486 
0.9871177988041027 0.1561050383577425 -1.2661709229792892 -3.976027386600375 -5.213398476771113 
0.7586642619074013 -0.0026346662082938656 2.4091001281555107 2.646155882248623 5.125994556363266 
2.1125356062507152 -0.6904795154494551 -2.212008740874743 -3.3331176801497593 -5.28464733184108 
-0.5891782405791164 -0.498553128539943 1.7220581744019414 1.7220581744019414 3.31579591173361 
2.2515780212924645 1.4938667355331434 -2.5845009685016045 -2.5845009685016045 -5.293156375530804 
0.3607636843030651 0.5153884611315604 -2.069286455889892 -2.069286455889892 -4.178836564676773 
-0.9156365131675075 -0.79711492376869 2.0649350773003112 3.535239808565863 5.625623126340248 
-0.24731802034510086 -0.09823000848312875 1.7116449742795352 1.7116449742795352 3.5379501643389895 
-1.757811839240262 -0.48091978150904946 -2.0910560183999936 -2.0910560183999936 -4.056872664921621 
-1.0606476001179947 2.394934105888178 1.126325676863635 1.126325676863635 2.320980439207376 
0.6173746984924661 1.1436503774800713 -2.068450490268485 -2.068450490268485 -4.20345326452741 
0.7875651370916891 -1.8713165043779392 1.9729451200764085 1.9729451200764085 3.7696097128701114 
-0.3866975733897418 0.8484306926128862 -2.337127862227984 -2.337127862227984 -5.032353604190598 
-0.811248219052865 -0.09238281862344626 3.0990900528931684 1.1316170738205278 4.429264427791396 
-0.7319178552340728 -0.27232360359191743 1.876128649456265 1.876128649456265 3.8262346897017294 
0.28396046876365094 1.580236178481573 -0.5275094651036802 -2.204480047738414 -2.658940444629278 
-0.13288709157133743 -0.14129839251069268 1.7971170707440978 2.23289108436783 4.038546887191517 
-1.4976617308544176 1.616971023284473 -0.9655118995133509 -0.9655118995133509 -2.3120158909189246 
0.2141126914631 0.06660239194411911 2.1332318932666094 3.1466600996385834 5.24156543073725 
0.6123199579161916 -0.2810520283658224 1.556508764745047 1.556508764745047 2.864067760160336 
-0.1523936336078005 1.942635454968569 2.3629323945760152 2.3629323945760152 4.798923873537216 
-0.5804501843443637 0.191637272114807 -2.143379174110462 -2.143379174110462 -3.5193301510882136 
-0.6851403525288094 2.652839271584071 3.494156728050721 1.6659420635389117 4.98362984816547 
-0.4889410798001502 -0.3606878138314849 3.361136415051443 2.9180416658035737 6.253588998000838 
-0.5278374350665899 -0.09457824713029789 1.1074916194832225 2.37504152015903 3.2120837298090112 
0.27035543197613776 0.06197864921912401 1.511583108972335 1.511583108972335 2.989288098966365 
-1.1747503997885504 -0.6256559826824679 1.419343492869079 1.6605611808448635 3.1061426936490513 
-1.158177768124133 0.9398896086509653 1.7211259221726332 1.7211259221726332 3.088124796267104 
-0.5706822258133418 -0.6492220164094596 1.7446419733866294 1.7446419733866294 3.0761599950585263 
-0.8475555383372655 1.2043421998764066 1.25989861360069 2.2069562855160916 3.498855745950295 
-0.5732094658165008 0.9762893670777851 2.8793615109212967 2.1530205477898 4.838567093043949 
0.38270203158265365 -1.5435667150238603 2.4480747631652076 2.0190585695530987 4.488786769561288 
-1.1028888420568734 1.195435401364102 1.389113756944346 1.389113756944346 2.521119511674722 
0.37054194829396425 0.7506233929079265 -2.683903365834682 -2.683903365834682 -5.058300911413946 
1.5636088825830008 -0.10590901936975002 -0.9586588812665238 -2.374616002045292 -3.1674239683954606 
0.16503427997941625 -0.3695881317139526 1.9305549975320413 1.9305549975320413 3.845548104797899 
0.45238363892366307 0.9758625086444536 2.5082958269418762 2.5082958269418762 5.10920627357726 
0.8223373127161339 1.4122068037807924 -2.2941406032137475 -2.2941406032137475 -4.653786907755517 
0.2609717860186391 -0.5921230922547375 -2.475729365041538 -1.8185169773305574 -4.140955937867005 
1.2735383215627112 -0.04367371204799696 -1.1981204605385334 -2.2797425518317667 -3.504713271952987 
1.643415114851993 0.6401353703694919 -0.774192930902915 -0.774192930902915 -1.6021210223886897 
1.2563133055798774 -1.5982758240491792 1.5682545023512389 1.5682545023512389 2.8400306194643794 
-0.45245304450450446 -1.9219455993580867 0.9320537701510299 0.9320537701510299 1.8966615793048633 
